# name: atancurve
# type: matrix
# rows: 1000
# columns: 2
-5.000000 -1.373401
-4.990000 -1.373015
-4.980000 -1.372628
-4.969999 -1.372240
-4.959999 -1.371850
-4.949999 -1.371459
-4.939999 -1.371066
-4.929998 -1.370672
-4.919998 -1.370276
-4.909998 -1.369878
-4.899998 -1.369479
-4.889997 -1.369078
-4.879997 -1.368676
-4.869997 -1.368272
-4.859997 -1.367867
-4.849997 -1.367460
-4.839996 -1.367051
-4.829996 -1.366641
-4.819996 -1.366229
-4.809996 -1.365816
-4.799995 -1.365401
-4.789995 -1.364984
-4.779995 -1.364565
-4.769995 -1.364145
-4.759995 -1.363723
-4.749994 -1.363300
-4.739994 -1.362875
-4.729994 -1.362448
-4.719994 -1.362019
-4.709993 -1.361588
-4.699993 -1.361156
-4.689993 -1.360722
-4.679993 -1.360286
-4.669992 -1.359849
-4.659992 -1.359409
-4.649992 -1.358968
-4.639992 -1.358525
-4.629992 -1.358081
-4.619991 -1.357634
-4.609991 -1.357185
-4.599991 -1.356735
-4.589991 -1.356283
-4.579990 -1.355829
-4.569990 -1.355373
-4.559990 -1.354915
-4.549990 -1.354455
-4.539989 -1.353993
-4.529989 -1.353530
-4.519989 -1.353064
-4.509989 -1.352596
-4.499989 -1.352127
-4.489988 -1.351655
-4.479988 -1.351182
-4.469988 -1.350706
-4.459988 -1.350228
-4.449987 -1.349749
-4.439987 -1.349267
-4.429987 -1.348783
-4.419987 -1.348297
-4.409986 -1.347809
-4.399986 -1.347319
-4.389986 -1.346827
-4.379986 -1.346332
-4.369986 -1.345836
-4.359985 -1.345337
-4.349985 -1.344836
-4.339985 -1.344333
-4.329985 -1.343828
-4.319984 -1.343320
-4.309984 -1.342811
-4.299984 -1.342299
-4.289984 -1.341784
-4.279984 -1.341268
-4.269983 -1.340749
-4.259983 -1.340228
-4.249983 -1.339705
-4.239983 -1.339179
-4.229982 -1.338651
-4.219982 -1.338120
-4.209982 -1.337587
-4.199982 -1.337052
-4.189981 -1.336514
-4.179981 -1.335974
-4.169981 -1.335432
-4.159981 -1.334887
-4.149981 -1.334339
-4.139980 -1.333789
-4.129980 -1.333236
-4.119980 -1.332681
-4.109980 -1.332124
-4.099979 -1.331563
-4.089979 -1.331001
-4.079979 -1.330435
-4.069979 -1.329867
-4.059978 -1.329297
-4.049978 -1.328723
-4.039978 -1.328147
-4.029978 -1.327569
-4.019978 -1.326987
-4.009977 -1.326403
-3.999977 -1.325816
-3.989977 -1.325227
-3.979977 -1.324634
-3.969977 -1.324039
-3.959977 -1.323441
-3.949977 -1.322840
-3.939977 -1.322236
-3.929977 -1.321630
-3.919977 -1.321020
-3.909977 -1.320408
-3.899977 -1.319792
-3.889977 -1.319174
-3.879977 -1.318552
-3.869977 -1.317928
-3.859977 -1.317301
-3.849977 -1.316670
-3.839978 -1.316036
-3.829978 -1.315400
-3.819978 -1.314760
-3.809978 -1.314117
-3.799978 -1.313471
-3.789978 -1.312822
-3.779978 -1.312169
-3.769978 -1.311514
-3.759978 -1.310855
-3.749978 -1.310192
-3.739978 -1.309527
-3.729978 -1.308858
-3.719978 -1.308186
-3.709978 -1.307510
-3.699978 -1.306831
-3.689978 -1.306149
-3.679978 -1.305463
-3.669978 -1.304773
-3.659978 -1.304080
-3.649978 -1.303384
-3.639978 -1.302684
-3.629978 -1.301980
-3.619978 -1.301273
-3.609978 -1.300562
-3.599978 -1.299848
-3.589978 -1.299130
-3.579978 -1.298408
-3.569978 -1.297682
-3.559978 -1.296953
-3.549978 -1.296219
-3.539978 -1.295482
-3.529978 -1.294741
-3.519978 -1.293996
-3.509978 -1.293248
-3.499978 -1.292495
-3.489978 -1.291738
-3.479978 -1.290977
-3.469978 -1.290213
-3.459978 -1.289444
-3.449978 -1.288671
-3.439978 -1.287894
-3.429978 -1.287112
-3.419978 -1.286327
-3.409978 -1.285537
-3.399978 -1.284743
-3.389978 -1.283945
-3.379978 -1.283142
-3.369978 -1.282335
-3.359978 -1.281523
-3.349978 -1.280707
-3.339978 -1.279887
-3.329978 -1.279062
-3.319978 -1.278233
-3.309978 -1.277399
-3.299978 -1.276560
-3.289978 -1.275716
-3.279978 -1.274868
-3.269978 -1.274015
-3.259978 -1.273158
-3.249978 -1.272295
-3.239978 -1.271428
-3.229978 -1.270556
-3.219978 -1.269679
-3.209978 -1.268797
-3.199978 -1.267909
-3.189978 -1.267017
-3.179978 -1.266120
-3.169978 -1.265217
-3.159978 -1.264310
-3.149978 -1.263397
-3.139978 -1.262479
-3.129978 -1.261555
-3.119978 -1.260626
-3.109978 -1.259692
-3.099978 -1.258752
-3.089978 -1.257807
-3.079978 -1.256856
-3.069978 -1.255900
-3.059978 -1.254937
-3.049978 -1.253970
-3.039978 -1.252996
-3.029978 -1.252017
-3.019978 -1.251032
-3.009978 -1.250041
-2.999978 -1.249044
-2.989978 -1.248040
-2.979978 -1.247031
-2.969978 -1.246016
-2.959978 -1.244995
-2.949978 -1.243967
-2.939978 -1.242934
-2.929978 -1.241893
-2.919978 -1.240847
-2.909978 -1.239794
-2.899978 -1.238734
-2.889978 -1.237668
-2.879978 -1.236596
-2.869978 -1.235517
-2.859978 -1.234431
-2.849978 -1.233338
-2.839978 -1.232238
-2.829978 -1.231132
-2.819978 -1.230018
-2.809978 -1.228897
-2.799978 -1.227770
-2.789979 -1.226635
-2.779979 -1.225493
-2.769979 -1.224344
-2.759979 -1.223187
-2.749979 -1.222023
-2.739979 -1.220851
-2.729979 -1.219672
-2.719979 -1.218485
-2.709979 -1.217290
-2.699979 -1.216088
-2.689979 -1.214878
-2.679979 -1.213660
-2.669979 -1.212433
-2.659979 -1.211199
-2.649979 -1.209957
-2.639979 -1.208706
-2.629979 -1.207447
-2.619979 -1.206180
-2.609979 -1.204904
-2.599979 -1.203620
-2.589979 -1.202327
-2.579979 -1.201025
-2.569979 -1.199714
-2.559979 -1.198395
-2.549979 -1.197067
-2.539979 -1.195729
-2.529979 -1.194382
-2.519979 -1.193027
-2.509979 -1.191661
-2.499979 -1.190287
-2.489979 -1.188903
-2.479979 -1.187509
-2.469979 -1.186106
-2.459979 -1.184693
-2.449979 -1.183269
-2.439979 -1.181836
-2.429979 -1.180393
-2.419979 -1.178940
-2.409979 -1.177476
-2.399979 -1.176002
-2.389979 -1.174517
-2.379979 -1.173022
-2.369979 -1.171516
-2.359979 -1.169999
-2.349979 -1.168472
-2.339979 -1.166933
-2.329979 -1.165383
-2.319979 -1.163822
-2.309979 -1.162249
-2.299979 -1.160665
-2.289979 -1.159070
-2.279979 -1.157462
-2.269979 -1.155843
-2.259979 -1.154212
-2.249979 -1.152568
-2.239979 -1.150912
-2.229979 -1.149245
-2.219979 -1.147564
-2.209979 -1.145871
-2.199979 -1.144165
-2.189979 -1.142446
-2.179979 -1.140715
-2.169979 -1.138969
-2.159979 -1.137211
-2.149979 -1.135439
-2.139979 -1.133654
-2.129979 -1.131854
-2.119979 -1.130041
-2.109979 -1.128214
-2.099979 -1.126373
-2.089979 -1.124518
-2.079979 -1.122647
-2.069979 -1.120762
-2.059979 -1.118863
-2.049979 -1.116948
-2.039979 -1.115018
-2.029979 -1.113073
-2.019979 -1.111113
-2.009979 -1.109137
-1.999979 -1.107144
-1.989979 -1.105136
-1.979979 -1.103112
-1.969979 -1.101071
-1.959979 -1.099014
-1.949979 -1.096941
-1.939979 -1.094850
-1.929979 -1.092742
-1.919979 -1.090617
-1.909979 -1.088474
-1.899979 -1.086314
-1.889979 -1.084135
-1.879979 -1.081939
-1.869979 -1.079725
-1.859979 -1.077492
-1.849979 -1.075240
-1.839979 -1.072969
-1.829979 -1.070679
-1.819979 -1.068370
-1.809979 -1.066041
-1.799979 -1.063693
-1.789979 -1.061324
-1.779979 -1.058935
-1.769979 -1.056526
-1.759979 -1.054096
-1.749979 -1.051645
-1.739980 -1.049172
-1.729980 -1.046679
-1.719980 -1.044164
-1.709980 -1.041626
-1.699980 -1.039067
-1.689980 -1.036485
-1.679980 -1.033880
-1.669980 -1.031252
-1.659980 -1.028601
-1.649980 -1.025926
-1.639980 -1.023228
-1.629980 -1.020506
-1.619980 -1.017759
-1.609980 -1.014988
-1.599980 -1.012191
-1.589980 -1.009369
-1.579980 -1.006522
-1.569980 -1.003649
-1.559980 -1.000750
-1.549980 -0.997824
-1.539980 -0.994871
-1.529980 -0.991892
-1.519980 -0.988885
-1.509980 -0.985850
-1.499980 -0.982787
-1.489980 -0.979696
-1.479980 -0.976576
-1.469980 -0.973427
-1.459980 -0.970249
-1.449980 -0.967040
-1.439980 -0.963802
-1.429980 -0.960533
-1.419980 -0.957233
-1.409980 -0.953902
-1.399980 -0.950540
-1.389980 -0.947145
-1.379980 -0.943719
-1.369980 -0.940259
-1.359980 -0.936766
-1.349980 -0.933240
-1.339980 -0.929680
-1.329980 -0.926086
-1.319980 -0.922457
-1.309980 -0.918793
-1.299980 -0.915093
-1.289980 -0.911357
-1.279980 -0.907586
-1.269980 -0.903777
-1.259980 -0.899931
-1.249980 -0.896047
-1.239980 -0.892126
-1.229980 -0.888166
-1.219980 -0.884167
-1.209980 -0.880128
-1.199980 -0.876050
-1.189980 -0.871931
-1.179980 -0.867772
-1.169980 -0.863571
-1.159980 -0.859329
-1.149980 -0.855044
-1.139980 -0.850717
-1.129980 -0.846347
-1.119980 -0.841933
-1.109980 -0.837475
-1.099980 -0.832972
-1.089980 -0.828425
-1.079980 -0.823831
-1.069980 -0.819192
-1.059980 -0.814507
-1.049980 -0.809774
-1.039980 -0.804994
