# name: sincurve
# type: matrix
# rows: 1000
# columns: 2
-5.000000 0.958924
-4.990000 0.961713
-4.980000 0.964405
-4.969999 0.967001
-4.959999 0.969501
-4.949999 0.971903
-4.939999 0.974208
-4.929998 0.976416
-4.919998 0.978526
-4.909998 0.980539
-4.899998 0.982453
-4.889997 0.984269
-4.879997 0.985987
-4.869997 0.987605
-4.859997 0.989126
-4.849997 0.990547
-4.839996 0.991869
-4.829996 0.993092
-4.819996 0.994216
-4.809996 0.995240
-4.799995 0.996165
-4.789995 0.996990
-4.779995 0.997716
-4.769995 0.998341
-4.759995 0.998867
-4.749994 0.999293
-4.739994 0.999619
-4.729994 0.999845
-4.719994 0.999971
-4.709993 0.999997
-4.699993 0.999923
-4.689993 0.999749
-4.679993 0.999475
-4.669992 0.999101
-4.659992 0.998628
-4.649992 0.998054
-4.639992 0.997380
-4.629992 0.996607
-4.619991 0.995734
-4.609991 0.994762
-4.599991 0.993690
-4.589991 0.992519
-4.579990 0.991248
-4.569990 0.989878
-4.559990 0.988410
-4.549990 0.986842
-4.539989 0.985176
-4.529989 0.983411
-4.519989 0.981548
-4.509989 0.979587
-4.499989 0.977528
-4.489988 0.975371
-4.479988 0.973116
-4.469988 0.970764
-4.459988 0.968316
-4.449987 0.965770
-4.439987 0.963128
-4.429987 0.960389
-4.419987 0.957554
-4.409986 0.954624
-4.399986 0.951598
-4.389986 0.948477
-4.379986 0.945261
-4.369986 0.941951
-4.359985 0.938546
-4.349985 0.935047
-4.339985 0.931455
-4.329985 0.927770
-4.319984 0.923992
-4.309984 0.920122
-4.299984 0.916160
-4.289984 0.912106
-4.279984 0.907960
-4.269983 0.903724
-4.259983 0.899398
-4.249983 0.894982
-4.239983 0.890476
-4.229982 0.885881
-4.219982 0.881198
-4.209982 0.876426
-4.199982 0.871567
-4.189981 0.866621
-4.179981 0.861588
-4.169981 0.856468
-4.159981 0.851264
-4.149981 0.845974
-4.139980 0.840599
-4.129980 0.835140
-4.119980 0.829598
-4.109980 0.823973
-4.099979 0.818266
-4.089979 0.812476
-4.079979 0.806606
-4.069979 0.800654
-4.059978 0.794623
-4.049978 0.788512
-4.039978 0.782323
-4.029978 0.776055
-4.019978 0.769709
-4.009977 0.763287
-3.999977 0.756788
-3.989977 0.750214
-3.979977 0.743564
-3.969977 0.736840
-3.959977 0.730043
-3.949977 0.723173
-3.939977 0.716230
-3.929977 0.709215
-3.919977 0.702130
-3.909977 0.694975
-3.899977 0.687750
-3.889977 0.680456
-3.879977 0.673094
-3.869977 0.665665
-3.859977 0.658170
-3.849977 0.650608
-3.839978 0.642982
-3.829978 0.635291
-3.819978 0.627536
-3.809978 0.619719
-3.799978 0.611840
-3.789978 0.603900
-3.779978 0.595899
-3.769978 0.587839
-3.759978 0.579720
-3.749978 0.571543
-3.739978 0.563309
-3.729978 0.555018
-3.719978 0.546672
-3.709978 0.538272
-3.699978 0.529817
-3.689978 0.521310
-3.679978 0.512750
-3.669978 0.504139
-3.659978 0.495478
-3.649978 0.486767
-3.639978 0.478008
-3.629978 0.469200
-3.619978 0.460346
-3.609978 0.451446
-3.599978 0.442501
-3.589978 0.433511
-3.579978 0.424478
-3.569978 0.415403
-3.559978 0.406286
-3.549978 0.397128
-3.539978 0.387931
-3.529978 0.378694
-3.519978 0.369420
-3.509978 0.360110
-3.499978 0.350763
-3.489978 0.341381
-3.479978 0.331964
-3.469978 0.322515
-3.459978 0.313033
-3.449978 0.303521
-3.439978 0.293977
-3.429978 0.284405
-3.419978 0.274804
-3.409978 0.265175
-3.399978 0.255520
-3.389978 0.245839
-3.379978 0.236134
-3.369978 0.226405
-3.359978 0.216654
-3.349978 0.206881
-3.339978 0.197087
-3.329978 0.187273
-3.319978 0.177441
-3.309978 0.167591
-3.299978 0.157724
-3.289978 0.147842
-3.279978 0.137944
-3.269978 0.128033
-3.259978 0.118109
-3.249978 0.108173
-3.239978 0.098227
-3.229978 0.088271
-3.219978 0.078305
-3.209978 0.068332
-3.199978 0.058352
-3.189978 0.048367
-3.179978 0.038376
-3.169978 0.028382
-3.159978 0.018385
-3.149978 0.008386
-3.139978 -0.001614
-3.129978 -0.011614
-3.119978 -0.021613
-3.109978 -0.031609
-3.099978 -0.041602
-3.089978 -0.051591
-3.079978 -0.061575
-3.069978 -0.071553
-3.059978 -0.081524
-3.049978 -0.091486
-3.039978 -0.101439
-3.029978 -0.111383
-3.019978 -0.121315
-3.009978 -0.131235
-2.999978 -0.141141
-2.989978 -0.151034
-2.979978 -0.160912
-2.969978 -0.170773
-2.959978 -0.180617
-2.949978 -0.190444
-2.939978 -0.200251
-2.929978 -0.210038
-2.919978 -0.219805
-2.909978 -0.229549
-2.899978 -0.239270
-2.889978 -0.248968
-2.879978 -0.258640
-2.869978 -0.268287
-2.859978 -0.277906
-2.849978 -0.287499
-2.839978 -0.297062
-2.829978 -0.306595
-2.819978 -0.316098
-2.809978 -0.325570
-2.799978 -0.335008
-2.789979 -0.344414
-2.779979 -0.353784
-2.769979 -0.363120
-2.759979 -0.372419
-2.749979 -0.381681
-2.739979 -0.390904
-2.729979 -0.400089
-2.719979 -0.409234
-2.709979 -0.418337
-2.699979 -0.427399
-2.689979 -0.436418
-2.679979 -0.445394
-2.669979 -0.454325
-2.659979 -0.463210
-2.649979 -0.472049
-2.639979 -0.480841
-2.629979 -0.489585
-2.619979 -0.498280
-2.609979 -0.506925
-2.599979 -0.515519
-2.589979 -0.524062
-2.579979 -0.532553
-2.569979 -0.540990
-2.559979 -0.549373
-2.549979 -0.557701
-2.539979 -0.565974
-2.529979 -0.574189
-2.519979 -0.582348
-2.509979 -0.590448
-2.499979 -0.598489
-2.489979 -0.606470
-2.479979 -0.614391
-2.469979 -0.622250
-2.459979 -0.630047
-2.449979 -0.637781
-2.439979 -0.645451
-2.429979 -0.653057
-2.419979 -0.660597
-2.409979 -0.668071
-2.399979 -0.675479
-2.389979 -0.682819
-2.379979 -0.690090
-2.369979 -0.697293
-2.359979 -0.704426
-2.349979 -0.711488
-2.339979 -0.718479
-2.329979 -0.725399
-2.319979 -0.732246
-2.309979 -0.739019
-2.299979 -0.745719
-2.289979 -0.752344
-2.279979 -0.758894
-2.269979 -0.765369
-2.259979 -0.771766
-2.249979 -0.778087
-2.239979 -0.784329
-2.229979 -0.790493
-2.219979 -0.796578
-2.209979 -0.802584
-2.199979 -0.808509
-2.189979 -0.814353
-2.179979 -0.820116
-2.169979 -0.825797
-2.159979 -0.831395
-2.149979 -0.836910
-2.139979 -0.842342
-2.129979 -0.847689
-2.119979 -0.852951
-2.109979 -0.858128
-2.099979 -0.863220
-2.089979 -0.868225
-2.079979 -0.873143
-2.069979 -0.877974
-2.059979 -0.882717
-2.049979 -0.887372
-2.039979 -0.891938
-2.029979 -0.896415
-2.019979 -0.900802
-2.009979 -0.905099
-1.999979 -0.909306
-1.989979 -0.913422
-1.979979 -0.917446
-1.969979 -0.921379
-1.959979 -0.925219
-1.949979 -0.928967
-1.939979 -0.932622
-1.929979 -0.936184
-1.919979 -0.939653
-1.909979 -0.943027
-1.899979 -0.946307
-1.889979 -0.949492
-1.879979 -0.952582
-1.869979 -0.955578
-1.859979 -0.958477
-1.849979 -0.961281
-1.839979 -0.963988
-1.829979 -0.966600
-1.819979 -0.969114
-1.809979 -0.971532
-1.799979 -0.973852
-1.789979 -0.976075
-1.779979 -0.978201
-1.769979 -0.980228
-1.759979 -0.982158
-1.749979 -0.983990
-1.739980 -0.985723
-1.729980 -0.987357
-1.719980 -0.988893
-1.709980 -0.990330
-1.699980 -0.991667
-1.689980 -0.992906
-1.679980 -0.994045
-1.669980 -0.995085
-1.659980 -0.996026
-1.649980 -0.996867
-1.639980 -0.997608
-1.629980 -0.998249
-1.619980 -0.998791
-1.609980 -0.999232
-1.599980 -0.999574
-1.589980 -0.999816
-1.579980 -0.999958
-1.569980 -1.000000
-1.559980 -0.999942
-1.549980 -0.999783
-1.539980 -0.999525
-1.529980 -0.999167
-1.519980 -0.998709
-1.509980 -0.998151
-1.499980 -0.997494
-1.489980 -0.996736
-1.479980 -0.995879
-1.469980 -0.994922
-1.459980 -0.993866
-1.449980 -0.992711
-1.439980 -0.991456
-1.429980 -0.990102
-1.419980 -0.988649
-1.409980 -0.987097
-1.399980 -0.985446
-1.389980 -0.983697
-1.379980 -0.981850
-1.369980 -0.979904
-1.359980 -0.977860
-1.349980 -0.975719
-1.339980 -0.973480
-1.329980 -0.971144
-1.319980 -0.968710
-1.309980 -0.966180
-1.299980 -0.963553
-1.289980 -0.960829
-1.279980 -0.958010
-1.269980 -0.955095
-1.259980 -0.952084
-1.249980 -0.948978
-1.239980 -0.945777
-1.229980 -0.942482
-1.219980 -0.939092
-1.209980 -0.935609
-1.199980 -0.932032
-1.189980 -0.928362
-1.179980 -0.924598
-1.169980 -0.920743
-1.159980 -0.916795
-1.149980 -0.912756
-1.139980 -0.908625
-1.129980 -0.904404
-1.119980 -0.900092
-1.109980 -0.895690
-1.099980 -0.891198
-1.089980 -0.886618
-1.079980 -0.881948
-1.069980 -0.877191
-1.059980 -0.872346
-1.049980 -0.867413
-1.039980 -0.862394
-1.029980 -0.857289
-1.019980 -0.852098
-1.009980 -0.846821
-0.999980 -0.841460
-0.989980 -0.836015
-0.979980 -0.830486
-0.969980 -0.824875
-0.959980 -0.819180
-0.949980 -0.813404
